# pper pvelp pvelo stdpvelo pampp pampo stdpampo pphip pphio stdpphio
8 3.28656 3.25754 0.002 0.0858293 0.00986409 0.005 31 65 2
10 3.33279 3.29629 0.002 0.0982846 0.00876117 0.005 31 65 2
12 3.37665 3.33055 0.002 0.109451 0.00770688 0.005 31 65 2
14 3.42226 3.36596 0.002 0.119339 0.00679541 0.005 31 65 2
16 3.47046 3.4048 0.002 0.127978 0.00607252 0.005 32 64 2
18 3.51978 3.44702 0.002 0.135178 0.00557733 0.005 32 64 2
20 3.56736 3.49102 0.002 0.140829 0.00534225 0.005 33 63 2
22 3.61007 3.53431 0.002 0.144778 0.00536776 0.005 34 62 2
24 3.64576 3.57436 0.002 0.147074 0.00560379 0.005 35 61 2
26 3.67381 3.60942 0.002 0.147917 0.00596189 0.005 36 60 2
28 3.69493 3.63882 0.002 0.147589 0.00635242 0.005 37 59 2
30 3.71045 3.6628 0.002 0.146396 0.00671649 0.005 37 59 2
32 3.72179 3.68211 0.002 0.144629 0.00702596 0.005 38 58 2
36 3.7364 3.71026 0.002 0.140041 0.00748253 0.005 39 58 2
40 3.74516 3.72942 0.002 0.134888 0.00777841 0.005 39 58 2
50 3.75922 3.76028 0.002 0.12215 0.00820112 0.005 40 57 2
60 3.77232 3.78311 0.002 0.11073 0.00837278 0.005 40 57 2
70 3.78593 3.80278 0.002 0.100684 0.00826359 0.005 40 56 2
80 3.79871 3.81938 0.002 0.0919001 0.00784945 0.005 40 56 2
90 3.80974 3.83277 0.002 0.0842993 0.0071938 0.005 40 56 2
